100
17
150
1000
20
58
450
60
85
116
60
120
228
1200
65
1500
25
3
2
2
40
3
20
450
60
60
45
2
1
1000
800
25
20
600
2500
70
30
25
5
19
240
100
1200
200
26
200
4000
2
2000
1200
1500
1000
15
2000
6600
500
6
1300
2000
1600
2600
1
12
28
300
800
30
100
150
1000
120
300
300
15
20
1800
3000
50
400
1000
5
3
95
1200
3000
35
60
1400
20
1300
1000
3000
200
50
600
1000
5
7
23
5
600
1
7
60
2150
200
50
800
8
4
85
160
1000
7500
700
1500
220
100
200
25
700
10
27
70
100
40
160
0
30
2000
2200
650
75
300
200
10
10
10
5
800
60
280
22
40
450
45
500
100
35
70
1
4
500
83
50